for 30%
mean = 93.994960
median = 29.221297
quartile = 0.015768

for 60%
mean = 350.657653
median = 695.789296
quartile = 60.080505