for 30%
mean = 50.142992
median = 0.002723
quart = 0.008969

for 60%
mean = 146.069651
median = 430.531579
quart = 0.001998